W = [[-0.60263374 -0.56308838 -0.57377499 -0.57339594 -0.61909786 -0.60210377
  -0.55049087 -0.59387059 -0.57121772 -0.61897464 -0.5976555  -0.60115378
  -0.6246277  -0.55265952 -0.61817967 -0.00716681 -0.01289817 -0.60210376
  -0.54306377 -0.61835633  0.04999999 -0.56172953 -0.01289816 -0.55265951
  -0.60768657  0.02747605 -0.6246277  -0.01280984 -0.62233114 -0.6231261
   0.02747605  0.0321575  -0.61897463 -0.62356775 -0.62462769]
 [-0.60263374 -0.56308838 -0.57377499 -0.57339594 -0.61909786 -0.60210377
  -0.55049087 -0.59387059 -0.57121772 -0.61897464 -0.5976555  -0.60115378
  -0.6246277  -0.55265952 -0.61817967 -0.00716681 -0.01289817 -0.60210376
  -0.54306377 -0.61835633  0.04999999 -0.56172953 -0.01289816 -0.55265951
  -0.60768657  0.02747605 -0.6246277  -0.01280984 -0.62233114 -0.6231261
   0.02747605  0.0321575  -0.61897463 -0.62356775 -0.62462769]
 [-0.60263374 -0.56308838 -0.57377499 -0.57339594 -0.61909786 -0.60210377
  -0.55049087 -0.59387059 -0.57121772 -0.61897464 -0.5976555  -0.60115378
  -0.6246277  -0.55265952 -0.61817967 -0.00716681 -0.01289817 -0.60210376
  -0.54306377 -0.61835633  0.04999999 -0.56172953 -0.01289816 -0.55265951
  -0.60768657  0.02747605 -0.6246277  -0.01280984 -0.62233114 -0.6231261
   0.02747605  0.0321575  -0.61897463 -0.62356775 -0.62462769]
 [-0.60263374 -0.56308838 -0.57377499 -0.57339594 -0.61909786 -0.60210377
  -0.55049087 -0.59387059 -0.57121772 -0.61897464 -0.5976555  -0.60115378
  -0.6246277  -0.55265952 -0.61817967 -0.00716681 -0.01289817 -0.60210376
  -0.54306377 -0.61835633  0.04999999 -0.56172953 -0.01289816 -0.55265951
  -0.60768657  0.02747605 -0.6246277  -0.01280984 -0.62233114 -0.6231261
   0.02747605  0.0321575  -0.61897463 -0.62356775 -0.62462769]
 [-0.60263374 -0.56308838 -0.57377499 -0.57339594 -0.61909786 -0.60210377
  -0.55049087 -0.59387059 -0.57121772 -0.61897464 -0.5976555  -0.60115378
  -0.6246277  -0.55265952 -0.61817967 -0.00716681 -0.01289817 -0.60210376
  -0.54306377 -0.61835633  0.04999999 -0.56172953 -0.01289816 -0.55265951
  -0.60768657  0.02747605 -0.6246277  -0.01280984 -0.62233114 -0.6231261
   0.02747605  0.0321575  -0.61897463 -0.62356775 -0.62462769]
 [-0.60263374 -0.56308838 -0.57377499 -0.57339594 -0.61909786 -0.60210377
  -0.55049087 -0.59387059 -0.57121772 -0.61897464 -0.5976555  -0.60115378
  -0.6246277  -0.55265952 -0.61817967 -0.00716681 -0.01289817 -0.60210376
  -0.54306377 -0.61835633  0.04999999 -0.56172953 -0.01289816 -0.55265951
  -0.60768657  0.02747605 -0.6246277  -0.01280984 -0.62233114 -0.6231261
   0.02747605  0.0321575  -0.61897463 -0.62356775 -0.62462769]
 [-0.60263374 -0.56308838 -0.57377499 -0.57339594 -0.61909786 -0.60210377
  -0.55049087 -0.59387059 -0.57121772 -0.61897464 -0.5976555  -0.60115378
  -0.6246277  -0.55265952 -0.61817967 -0.00716681 -0.01289817 -0.60210376
  -0.54306377 -0.61835633  0.04999999 -0.56172953 -0.01289816 -0.55265951
  -0.60768657  0.02747605 -0.6246277  -0.01280984 -0.62233114 -0.6231261
   0.02747605  0.0321575  -0.61897463 -0.62356775 -0.62462769]
 [-0.60263374 -0.56308838 -0.57377499 -0.57339594 -0.61909786 -0.60210377
  -0.55049087 -0.59387059 -0.57121772 -0.61897464 -0.5976555  -0.60115378
  -0.6246277  -0.55265952 -0.61817967 -0.00716681 -0.01289817 -0.60210376
  -0.54306377 -0.61835633  0.04999999 -0.56172953 -0.01289816 -0.55265951
  -0.60768657  0.02747605 -0.6246277  -0.01280984 -0.62233114 -0.6231261
   0.02747605  0.0321575  -0.61897463 -0.62356775 -0.62462769]
 [-0.60263374 -0.56308838 -0.57377499 -0.57339594 -0.61909786 -0.60210377
  -0.55049087 -0.59387059 -0.57121772 -0.61897464 -0.5976555  -0.60115378
  -0.6246277  -0.55265952 -0.61817967 -0.00716681 -0.01289817 -0.60210376
  -0.54306377 -0.61835633  0.04999999 -0.56172953 -0.01289816 -0.55265951
  -0.60768657  0.02747605 -0.6246277  -0.01280984 -0.62233114 -0.6231261
   0.02747605  0.0321575  -0.61897463 -0.62356775 -0.62462769]
 [-0.60263374 -0.56308838 -0.57377499 -0.57339594 -0.61909786 -0.60210377
  -0.55049087 -0.59387059 -0.57121772 -0.61897464 -0.5976555  -0.60115378
  -0.6246277  -0.55265952 -0.61817967 -0.00716681 -0.01289817 -0.60210376
  -0.54306377 -0.61835633  0.04999999 -0.56172953 -0.01289816 -0.55265951
  -0.60768657  0.02747605 -0.6246277  -0.01280984 -0.62233114 -0.6231261
   0.02747605  0.0321575  -0.61897463 -0.62356775 -0.62462769]] 
 W_second = [[0.29933135 0.29933135 0.29933135 0.29933135 0.29933135 0.29933135
  0.29933135 0.29933135 0.29933135 0.29933135]
 [0.29933135 0.29933135 0.29933135 0.29933135 0.29933135 0.29933135
  0.29933135 0.29933135 0.29933135 0.29933135]
 [0.29933135 0.29933135 0.29933135 0.29933135 0.29933135 0.29933135
  0.29933135 0.29933135 0.29933135 0.29933135]
 [0.29933135 0.29933135 0.29933135 0.29933135 0.29933135 0.29933135
  0.29933135 0.29933135 0.29933135 0.29933135]
 [0.29933135 0.29933135 0.29933135 0.29933135 0.29933135 0.29933135
  0.29933135 0.29933135 0.29933135 0.29933135]
 [0.29933135 0.29933135 0.29933135 0.29933135 0.29933135 0.29933135
  0.29933135 0.29933135 0.29933135 0.29933135]
 [0.29933135 0.29933135 0.29933135 0.29933135 0.29933135 0.29933135
  0.29933135 0.29933135 0.29933135 0.29933135]
 [0.29933135 0.29933135 0.29933135 0.29933135 0.29933135 0.29933135
  0.29933135 0.29933135 0.29933135 0.29933135]
 [0.29933135 0.29933135 0.29933135 0.29933135 0.29933135 0.29933135
  0.29933135 0.29933135 0.29933135 0.29933135]
 [0.29933135 0.29933135 0.29933135 0.29933135 0.29933135 0.29933135
  0.29933135 0.29933135 0.29933135 0.29933135]
 [0.29933135 0.29933135 0.29933135 0.29933135 0.29933135 0.29933135
  0.29933135 0.29933135 0.29933135 0.29933135]
 [0.29933135 0.29933135 0.29933135 0.29933135 0.29933135 0.29933135
  0.29933135 0.29933135 0.29933135 0.29933135]
 [0.29933135 0.29933135 0.29933135 0.29933135 0.29933135 0.29933135
  0.29933135 0.29933135 0.29933135 0.29933135]
 [0.29933135 0.29933135 0.29933135 0.29933135 0.29933135 0.29933135
  0.29933135 0.29933135 0.29933135 0.29933135]
 [0.29933135 0.29933135 0.29933135 0.29933135 0.29933135 0.29933135
  0.29933135 0.29933135 0.29933135 0.29933135]
 [0.29933135 0.29933135 0.29933135 0.29933135 0.29933135 0.29933135
  0.29933135 0.29933135 0.29933135 0.29933135]
 [0.29933135 0.29933135 0.29933135 0.29933135 0.29933135 0.29933135
  0.29933135 0.29933135 0.29933135 0.29933135]
 [0.29933135 0.29933135 0.29933135 0.29933135 0.29933135 0.29933135
  0.29933135 0.29933135 0.29933135 0.29933135]
 [0.29933135 0.29933135 0.29933135 0.29933135 0.29933135 0.29933135
  0.29933135 0.29933135 0.29933135 0.29933135]
 [0.29933135 0.29933135 0.29933135 0.29933135 0.29933135 0.29933135
  0.29933135 0.29933135 0.29933135 0.29933135]
 [0.29933135 0.29933135 0.29933135 0.29933135 0.29933135 0.29933135
  0.29933135 0.29933135 0.29933135 0.29933135]] 
 B = [0.01644233 0.01644233 0.01644233 0.01644233 0.01644233 0.01644233
 0.01644233 0.01644233 0.01644233 0.01644233] 
 B_secomd = [-3.0335644  -3.0330679  -3.03257094 -3.03207352 -3.03157565 -3.03107731
 -3.03057851 -3.03007925 -3.02957953 -3.02907934 -3.02857869 -3.02807757
 -3.02757598 -3.02707393 -3.02657141 -3.02606842 -3.02556496 -3.02506103
 -3.02455663 -3.02405176 -3.02354641]W = [[-0.29767284 -0.25243018 -0.26320979 -0.30915622 -0.29748267 -0.27271598
   0.02123651 -0.28264362 -0.26325786 -0.29629585 -0.01335346 -0.24651188
   0.02346536 -0.29439096 -0.3056609  -0.1040821   0.03816115  0.00961802
  -0.24849191 -0.2687792  -0.01059703 -0.24055455 -0.12041768 -0.29438872
  -0.20207344 -0.29857057 -0.30797114 -0.30542692 -0.300445   -0.20890622
  -0.30398263 -0.28926284 -0.28974945 -0.24797117 -0.29397273]
 [-0.29767284 -0.25243018 -0.26320979 -0.30915622 -0.29748267 -0.27271598
   0.02123651 -0.28264362 -0.26325786 -0.29629585 -0.01335346 -0.24651188
   0.02346536 -0.29439096 -0.3056609  -0.1040821   0.03816115  0.00961802
  -0.24849191 -0.2687792  -0.01059703 -0.24055455 -0.12041768 -0.29438872
  -0.20207344 -0.29857057 -0.30797114 -0.30542692 -0.300445   -0.20890622
  -0.30398263 -0.28926284 -0.28974945 -0.24797117 -0.29397273]
 [-0.29767284 -0.25243018 -0.26320979 -0.30915622 -0.29748267 -0.27271598
   0.02123651 -0.28264362 -0.26325786 -0.29629585 -0.01335346 -0.24651188
   0.02346536 -0.29439096 -0.3056609  -0.1040821   0.03816115  0.00961802
  -0.24849191 -0.2687792  -0.01059703 -0.24055455 -0.12041768 -0.29438872
  -0.20207344 -0.29857057 -0.30797114 -0.30542692 -0.300445   -0.20890622
  -0.30398263 -0.28926284 -0.28974945 -0.24797117 -0.29397273]
 [-0.29767284 -0.25243018 -0.26320979 -0.30915622 -0.29748267 -0.27271598
   0.02123651 -0.28264362 -0.26325786 -0.29629585 -0.01335346 -0.24651188
   0.02346536 -0.29439096 -0.3056609  -0.1040821   0.03816115  0.00961802
  -0.24849191 -0.2687792  -0.01059703 -0.24055455 -0.12041768 -0.29438872
  -0.20207344 -0.29857057 -0.30797114 -0.30542692 -0.300445   -0.20890622
  -0.30398263 -0.28926284 -0.28974945 -0.24797117 -0.29397273]
 [-0.29767284 -0.25243018 -0.26320979 -0.30915622 -0.29748267 -0.27271598
   0.02123651 -0.28264362 -0.26325786 -0.29629585 -0.01335346 -0.24651188
   0.02346536 -0.29439096 -0.3056609  -0.1040821   0.03816115  0.00961802
  -0.24849191 -0.2687792  -0.01059703 -0.24055455 -0.12041768 -0.29438872
  -0.20207344 -0.29857057 -0.30797114 -0.30542692 -0.300445   -0.20890622
  -0.30398263 -0.28926284 -0.28974945 -0.24797117 -0.29397273]
 [-0.29767284 -0.25243018 -0.26320979 -0.30915622 -0.29748267 -0.27271598
   0.02123651 -0.28264362 -0.26325786 -0.29629585 -0.01335346 -0.24651188
   0.02346536 -0.29439096 -0.3056609  -0.1040821   0.03816115  0.00961802
  -0.24849191 -0.2687792  -0.01059703 -0.24055455 -0.12041768 -0.29438872
  -0.20207344 -0.29857057 -0.30797114 -0.30542692 -0.300445   -0.20890622
  -0.30398263 -0.28926284 -0.28974945 -0.24797117 -0.29397273]
 [-0.29767284 -0.25243018 -0.26320979 -0.30915622 -0.29748267 -0.27271598
   0.02123651 -0.28264362 -0.26325786 -0.29629585 -0.01335346 -0.24651188
   0.02346536 -0.29439096 -0.3056609  -0.1040821   0.03816115  0.00961802
  -0.24849191 -0.2687792  -0.01059703 -0.24055455 -0.12041768 -0.29438872
  -0.20207344 -0.29857057 -0.30797114 -0.30542692 -0.300445   -0.20890622
  -0.30398263 -0.28926284 -0.28974945 -0.24797117 -0.29397273]
 [-0.29767284 -0.25243018 -0.26320979 -0.30915622 -0.29748267 -0.27271598
   0.02123651 -0.28264362 -0.26325786 -0.29629585 -0.01335346 -0.24651188
   0.02346536 -0.29439096 -0.3056609  -0.1040821   0.03816115  0.00961802
  -0.24849191 -0.2687792  -0.01059703 -0.24055455 -0.12041768 -0.29438872
  -0.20207344 -0.29857057 -0.30797114 -0.30542692 -0.300445   -0.20890622
  -0.30398263 -0.28926284 -0.28974945 -0.24797117 -0.29397273]
 [-0.29767284 -0.25243018 -0.26320979 -0.30915622 -0.29748267 -0.27271598
   0.02123651 -0.28264362 -0.26325786 -0.29629585 -0.01335346 -0.24651188
   0.02346536 -0.29439096 -0.3056609  -0.1040821   0.03816115  0.00961802
  -0.24849191 -0.2687792  -0.01059703 -0.24055455 -0.12041768 -0.29438872
  -0.20207344 -0.29857057 -0.30797114 -0.30542692 -0.300445   -0.20890622
  -0.30398263 -0.28926284 -0.28974945 -0.24797117 -0.29397273]
 [-0.29767284 -0.25243018 -0.26320979 -0.30915622 -0.29748267 -0.27271598
   0.02123651 -0.28264362 -0.26325786 -0.29629585 -0.01335346 -0.24651188
   0.02346536 -0.29439096 -0.3056609  -0.1040821   0.03816115  0.00961802
  -0.24849191 -0.2687792  -0.01059703 -0.24055455 -0.12041768 -0.29438872
  -0.20207344 -0.29857057 -0.30797114 -0.30542692 -0.300445   -0.20890622
  -0.30398263 -0.28926284 -0.28974945 -0.24797117 -0.29397273]] 
 W_second = [[0.37947215 0.37947215 0.37947215 0.37947215 0.37947215 0.37947215
  0.37947215 0.37947215 0.37947215 0.37947215]
 [0.37947215 0.37947215 0.37947215 0.37947215 0.37947215 0.37947215
  0.37947215 0.37947215 0.37947215 0.37947215]] 
 B = [0.03211508 0.03211508 0.03211508 0.03211508 0.03211508 0.03211508
 0.03211508 0.03211508 0.03211508 0.03211508] 
 B_secomd = [-0.16708014  0.16701008]W = [[-0.29772547 -0.25248394 -0.26321644 -0.30916525 -0.29754407 -0.27276631
   0.02117565 -0.28265163 -0.26331643 -0.2963032  -0.01339926 -0.24656725
   0.02346289 -0.29439636 -0.30572049 -0.10412644  0.03809793  0.00961591
  -0.24854883 -0.26878277 -0.01064695 -0.24060468 -0.12041926 -0.29439794
  -0.20213295 -0.29863163 -0.30802326 -0.30548085 -0.30050455 -0.20895921
  -0.30404394 -0.28931009 -0.28979797 -0.24801633 -0.29401802]
 [-0.29772547 -0.25248394 -0.26321644 -0.30916525 -0.29754407 -0.27276631
   0.02117565 -0.28265163 -0.26331643 -0.2963032  -0.01339926 -0.24656725
   0.02346289 -0.29439636 -0.30572049 -0.10412644  0.03809793  0.00961591
  -0.24854883 -0.26878277 -0.01064695 -0.24060468 -0.12041926 -0.29439794
  -0.20213295 -0.29863163 -0.30802326 -0.30548085 -0.30050455 -0.20895921
  -0.30404394 -0.28931009 -0.28979797 -0.24801633 -0.29401802]
 [-0.29772547 -0.25248394 -0.26321644 -0.30916525 -0.29754407 -0.27276631
   0.02117565 -0.28265163 -0.26331643 -0.2963032  -0.01339926 -0.24656725
   0.02346289 -0.29439636 -0.30572049 -0.10412644  0.03809793  0.00961591
  -0.24854883 -0.26878277 -0.01064695 -0.24060468 -0.12041926 -0.29439794
  -0.20213295 -0.29863163 -0.30802326 -0.30548085 -0.30050455 -0.20895921
  -0.30404394 -0.28931009 -0.28979797 -0.24801633 -0.29401802]
 [-0.29772547 -0.25248394 -0.26321644 -0.30916525 -0.29754407 -0.27276631
   0.02117565 -0.28265163 -0.26331643 -0.2963032  -0.01339926 -0.24656725
   0.02346289 -0.29439636 -0.30572049 -0.10412644  0.03809793  0.00961591
  -0.24854883 -0.26878277 -0.01064695 -0.24060468 -0.12041926 -0.29439794
  -0.20213295 -0.29863163 -0.30802326 -0.30548085 -0.30050455 -0.20895921
  -0.30404394 -0.28931009 -0.28979797 -0.24801633 -0.29401802]
 [-0.29772547 -0.25248394 -0.26321644 -0.30916525 -0.29754407 -0.27276631
   0.02117565 -0.28265163 -0.26331643 -0.2963032  -0.01339926 -0.24656725
   0.02346289 -0.29439636 -0.30572049 -0.10412644  0.03809793  0.00961591
  -0.24854883 -0.26878277 -0.01064695 -0.24060468 -0.12041926 -0.29439794
  -0.20213295 -0.29863163 -0.30802326 -0.30548085 -0.30050455 -0.20895921
  -0.30404394 -0.28931009 -0.28979797 -0.24801633 -0.29401802]
 [-0.29772547 -0.25248394 -0.26321644 -0.30916525 -0.29754407 -0.27276631
   0.02117565 -0.28265163 -0.26331643 -0.2963032  -0.01339926 -0.24656725
   0.02346289 -0.29439636 -0.30572049 -0.10412644  0.03809793  0.00961591
  -0.24854883 -0.26878277 -0.01064695 -0.24060468 -0.12041926 -0.29439794
  -0.20213295 -0.29863163 -0.30802326 -0.30548085 -0.30050455 -0.20895921
  -0.30404394 -0.28931009 -0.28979797 -0.24801633 -0.29401802]
 [-0.29772547 -0.25248394 -0.26321644 -0.30916525 -0.29754407 -0.27276631
   0.02117565 -0.28265163 -0.26331643 -0.2963032  -0.01339926 -0.24656725
   0.02346289 -0.29439636 -0.30572049 -0.10412644  0.03809793  0.00961591
  -0.24854883 -0.26878277 -0.01064695 -0.24060468 -0.12041926 -0.29439794
  -0.20213295 -0.29863163 -0.30802326 -0.30548085 -0.30050455 -0.20895921
  -0.30404394 -0.28931009 -0.28979797 -0.24801633 -0.29401802]
 [-0.29772547 -0.25248394 -0.26321644 -0.30916525 -0.29754407 -0.27276631
   0.02117565 -0.28265163 -0.26331643 -0.2963032  -0.01339926 -0.24656725
   0.02346289 -0.29439636 -0.30572049 -0.10412644  0.03809793  0.00961591
  -0.24854883 -0.26878277 -0.01064695 -0.24060468 -0.12041926 -0.29439794
  -0.20213295 -0.29863163 -0.30802326 -0.30548085 -0.30050455 -0.20895921
  -0.30404394 -0.28931009 -0.28979797 -0.24801633 -0.29401802]
 [-0.29772547 -0.25248394 -0.26321644 -0.30916525 -0.29754407 -0.27276631
   0.02117565 -0.28265163 -0.26331643 -0.2963032  -0.01339926 -0.24656725
   0.02346289 -0.29439636 -0.30572049 -0.10412644  0.03809793  0.00961591
  -0.24854883 -0.26878277 -0.01064695 -0.24060468 -0.12041926 -0.29439794
  -0.20213295 -0.29863163 -0.30802326 -0.30548085 -0.30050455 -0.20895921
  -0.30404394 -0.28931009 -0.28979797 -0.24801633 -0.29401802]
 [-0.29772547 -0.25248394 -0.26321644 -0.30916525 -0.29754407 -0.27276631
   0.02117565 -0.28265163 -0.26331643 -0.2963032  -0.01339926 -0.24656725
   0.02346289 -0.29439636 -0.30572049 -0.10412644  0.03809793  0.00961591
  -0.24854883 -0.26878277 -0.01064695 -0.24060468 -0.12041926 -0.29439794
  -0.20213295 -0.29863163 -0.30802326 -0.30548085 -0.30050455 -0.20895921
  -0.30404394 -0.28931009 -0.28979797 -0.24801633 -0.29401802]] 
 W_second = [[0.37946392 0.37946392 0.37946392 0.37946392 0.37946392 0.37946392
  0.37946392 0.37946392 0.37946392 0.37946392]
 [0.37946392 0.37946392 0.37946392 0.37946392 0.37946392 0.37946392
  0.37946392 0.37946392 0.37946392 0.37946392]] 
 B = [0.03211189 0.03211189 0.03211189 0.03211189 0.03211189 0.03211189
 0.03211189 0.03211189 0.03211189 0.03211189] 
 B_secomd = [-0.16708006  0.16701016]W = [[-0.18638321 -0.16575854 -0.16954325 -0.17872196 -0.18487176 -0.16126499
  -0.17884748 -0.1147797  -0.1585451  -0.17655841 -0.13431797 -0.14138861
  -0.04733838 -0.15754486 -0.15525538 -0.14425672 -0.12037668 -0.04272791
  -0.10724156 -0.16328692 -0.13140604 -0.07419127 -0.04164857 -0.09901768
  -0.1719584  -0.17261799 -0.11550284 -0.12182884 -0.10600611 -0.19563958
  -0.1792834  -0.16844625 -0.18917949 -0.18623249 -0.20642775]
 [-0.18638321 -0.16575854 -0.16954325 -0.17872196 -0.18487176 -0.16126499
  -0.17884748 -0.1147797  -0.1585451  -0.17655841 -0.13431797 -0.14138861
  -0.04733838 -0.15754486 -0.15525538 -0.14425672 -0.12037668 -0.04272791
  -0.10724156 -0.16328692 -0.13140604 -0.07419127 -0.04164857 -0.09901768
  -0.1719584  -0.17261799 -0.11550284 -0.12182884 -0.10600611 -0.19563958
  -0.1792834  -0.16844625 -0.18917949 -0.18623249 -0.20642775]
 [-0.18638321 -0.16575854 -0.16954325 -0.17872196 -0.18487176 -0.16126499
  -0.17884748 -0.1147797  -0.1585451  -0.17655841 -0.13431797 -0.14138861
  -0.04733838 -0.15754486 -0.15525538 -0.14425672 -0.12037668 -0.04272791
  -0.10724156 -0.16328692 -0.13140604 -0.07419127 -0.04164857 -0.09901768
  -0.1719584  -0.17261799 -0.11550284 -0.12182884 -0.10600611 -0.19563958
  -0.1792834  -0.16844625 -0.18917949 -0.18623249 -0.20642775]
 [-0.18638321 -0.16575854 -0.16954325 -0.17872196 -0.18487176 -0.16126499
  -0.17884748 -0.1147797  -0.1585451  -0.17655841 -0.13431797 -0.14138861
  -0.04733838 -0.15754486 -0.15525538 -0.14425672 -0.12037668 -0.04272791
  -0.10724156 -0.16328692 -0.13140604 -0.07419127 -0.04164857 -0.09901768
  -0.1719584  -0.17261799 -0.11550284 -0.12182884 -0.10600611 -0.19563958
  -0.1792834  -0.16844625 -0.18917949 -0.18623249 -0.20642775]
 [-0.18638321 -0.16575854 -0.16954325 -0.17872196 -0.18487176 -0.16126499
  -0.17884748 -0.1147797  -0.1585451  -0.17655841 -0.13431797 -0.14138861
  -0.04733838 -0.15754486 -0.15525538 -0.14425672 -0.12037668 -0.04272791
  -0.10724156 -0.16328692 -0.13140604 -0.07419127 -0.04164857 -0.09901768
  -0.1719584  -0.17261799 -0.11550284 -0.12182884 -0.10600611 -0.19563958
  -0.1792834  -0.16844625 -0.18917949 -0.18623249 -0.20642775]
 [-0.18638321 -0.16575854 -0.16954325 -0.17872196 -0.18487176 -0.16126499
  -0.17884748 -0.1147797  -0.1585451  -0.17655841 -0.13431797 -0.14138861
  -0.04733838 -0.15754486 -0.15525538 -0.14425672 -0.12037668 -0.04272791
  -0.10724156 -0.16328692 -0.13140604 -0.07419127 -0.04164857 -0.09901768
  -0.1719584  -0.17261799 -0.11550284 -0.12182884 -0.10600611 -0.19563958
  -0.1792834  -0.16844625 -0.18917949 -0.18623249 -0.20642775]
 [-0.18638321 -0.16575854 -0.16954325 -0.17872196 -0.18487176 -0.16126499
  -0.17884748 -0.1147797  -0.1585451  -0.17655841 -0.13431797 -0.14138861
  -0.04733838 -0.15754486 -0.15525538 -0.14425672 -0.12037668 -0.04272791
  -0.10724156 -0.16328692 -0.13140604 -0.07419127 -0.04164857 -0.09901768
  -0.1719584  -0.17261799 -0.11550284 -0.12182884 -0.10600611 -0.19563958
  -0.1792834  -0.16844625 -0.18917949 -0.18623249 -0.20642775]
 [-0.18638321 -0.16575854 -0.16954325 -0.17872196 -0.18487176 -0.16126499
  -0.17884748 -0.1147797  -0.1585451  -0.17655841 -0.13431797 -0.14138861
  -0.04733838 -0.15754486 -0.15525538 -0.14425672 -0.12037668 -0.04272791
  -0.10724156 -0.16328692 -0.13140604 -0.07419127 -0.04164857 -0.09901768
  -0.1719584  -0.17261799 -0.11550284 -0.12182884 -0.10600611 -0.19563958
  -0.1792834  -0.16844625 -0.18917949 -0.18623249 -0.20642775]
 [-0.18638321 -0.16575854 -0.16954325 -0.17872196 -0.18487176 -0.16126499
  -0.17884748 -0.1147797  -0.1585451  -0.17655841 -0.13431797 -0.14138861
  -0.04733838 -0.15754486 -0.15525538 -0.14425672 -0.12037668 -0.04272791
  -0.10724156 -0.16328692 -0.13140604 -0.07419127 -0.04164857 -0.09901768
  -0.1719584  -0.17261799 -0.11550284 -0.12182884 -0.10600611 -0.19563958
  -0.1792834  -0.16844625 -0.18917949 -0.18623249 -0.20642775]
 [-0.18638321 -0.16575854 -0.16954325 -0.17872196 -0.18487176 -0.16126499
  -0.17884748 -0.1147797  -0.1585451  -0.17655841 -0.13431797 -0.14138861
  -0.04733838 -0.15754486 -0.15525538 -0.14425672 -0.12037668 -0.04272791
  -0.10724156 -0.16328692 -0.13140604 -0.07419127 -0.04164857 -0.09901768
  -0.1719584  -0.17261799 -0.11550284 -0.12182884 -0.10600611 -0.19563958
  -0.1792834  -0.16844625 -0.18917949 -0.18623249 -0.20642775]] 
 W_second = [[0.42445392 0.42445392 0.42445392 0.42445392 0.42445392 0.42445392
  0.42445392 0.42445392 0.42445392 0.42445392]
 [0.42445392 0.42445392 0.42445392 0.42445392 0.42445392 0.42445392
  0.42445392 0.42445392 0.42445392 0.42445392]] 
 B = [0.03607583 0.03607583 0.03607583 0.03607583 0.03607583 0.03607583
 0.03607583 0.03607583 0.03607583 0.03607583] 
 B_secomd = [-0.03347281  0.02965412]W = [[-0.17521991 -0.12187214 -0.13639056 -0.1383948  -0.18969322 -0.13646597
  -0.14265721 -0.09749656 -0.15353557 -0.13802764 -0.12451697 -0.09140058
  -0.03790425 -0.11011987 -0.15618128 -0.11985997 -0.1230798  -0.04833941
  -0.12672386 -0.10991668 -0.1272966  -0.09782285 -0.06074871 -0.14375543
  -0.17170952 -0.14877433 -0.15193115 -0.13866681 -0.15994221 -0.15746227
  -0.18042264 -0.15352365 -0.15021873 -0.17612825 -0.16878281]
 [-0.17521991 -0.12187214 -0.13639056 -0.1383948  -0.18969322 -0.13646597
  -0.14265721 -0.09749656 -0.15353557 -0.13802764 -0.12451697 -0.09140058
  -0.03790425 -0.11011987 -0.15618128 -0.11985997 -0.1230798  -0.04833941
  -0.12672386 -0.10991668 -0.1272966  -0.09782285 -0.06074871 -0.14375543
  -0.17170952 -0.14877433 -0.15193115 -0.13866681 -0.15994221 -0.15746227
  -0.18042264 -0.15352365 -0.15021873 -0.17612825 -0.16878281]
 [-0.17521991 -0.12187214 -0.13639056 -0.1383948  -0.18969322 -0.13646597
  -0.14265721 -0.09749656 -0.15353557 -0.13802764 -0.12451697 -0.09140058
  -0.03790425 -0.11011987 -0.15618128 -0.11985997 -0.1230798  -0.04833941
  -0.12672386 -0.10991668 -0.1272966  -0.09782285 -0.06074871 -0.14375543
  -0.17170952 -0.14877433 -0.15193115 -0.13866681 -0.15994221 -0.15746227
  -0.18042264 -0.15352365 -0.15021873 -0.17612825 -0.16878281]
 [-0.17521991 -0.12187214 -0.13639056 -0.1383948  -0.18969322 -0.13646597
  -0.14265721 -0.09749656 -0.15353557 -0.13802764 -0.12451697 -0.09140058
  -0.03790425 -0.11011987 -0.15618128 -0.11985997 -0.1230798  -0.04833941
  -0.12672386 -0.10991668 -0.1272966  -0.09782285 -0.06074871 -0.14375543
  -0.17170952 -0.14877433 -0.15193115 -0.13866681 -0.15994221 -0.15746227
  -0.18042264 -0.15352365 -0.15021873 -0.17612825 -0.16878281]
 [-0.17521991 -0.12187214 -0.13639056 -0.1383948  -0.18969322 -0.13646597
  -0.14265721 -0.09749656 -0.15353557 -0.13802764 -0.12451697 -0.09140058
  -0.03790425 -0.11011987 -0.15618128 -0.11985997 -0.1230798  -0.04833941
  -0.12672386 -0.10991668 -0.1272966  -0.09782285 -0.06074871 -0.14375543
  -0.17170952 -0.14877433 -0.15193115 -0.13866681 -0.15994221 -0.15746227
  -0.18042264 -0.15352365 -0.15021873 -0.17612825 -0.16878281]
 [-0.17521991 -0.12187214 -0.13639056 -0.1383948  -0.18969322 -0.13646597
  -0.14265721 -0.09749656 -0.15353557 -0.13802764 -0.12451697 -0.09140058
  -0.03790425 -0.11011987 -0.15618128 -0.11985997 -0.1230798  -0.04833941
  -0.12672386 -0.10991668 -0.1272966  -0.09782285 -0.06074871 -0.14375543
  -0.17170952 -0.14877433 -0.15193115 -0.13866681 -0.15994221 -0.15746227
  -0.18042264 -0.15352365 -0.15021873 -0.17612825 -0.16878281]
 [-0.17521991 -0.12187214 -0.13639056 -0.1383948  -0.18969322 -0.13646597
  -0.14265721 -0.09749656 -0.15353557 -0.13802764 -0.12451697 -0.09140058
  -0.03790425 -0.11011987 -0.15618128 -0.11985997 -0.1230798  -0.04833941
  -0.12672386 -0.10991668 -0.1272966  -0.09782285 -0.06074871 -0.14375543
  -0.17170952 -0.14877433 -0.15193115 -0.13866681 -0.15994221 -0.15746227
  -0.18042264 -0.15352365 -0.15021873 -0.17612825 -0.16878281]
 [-0.17521991 -0.12187214 -0.13639056 -0.1383948  -0.18969322 -0.13646597
  -0.14265721 -0.09749656 -0.15353557 -0.13802764 -0.12451697 -0.09140058
  -0.03790425 -0.11011987 -0.15618128 -0.11985997 -0.1230798  -0.04833941
  -0.12672386 -0.10991668 -0.1272966  -0.09782285 -0.06074871 -0.14375543
  -0.17170952 -0.14877433 -0.15193115 -0.13866681 -0.15994221 -0.15746227
  -0.18042264 -0.15352365 -0.15021873 -0.17612825 -0.16878281]
 [-0.17521991 -0.12187214 -0.13639056 -0.1383948  -0.18969322 -0.13646597
  -0.14265721 -0.09749656 -0.15353557 -0.13802764 -0.12451697 -0.09140058
  -0.03790425 -0.11011987 -0.15618128 -0.11985997 -0.1230798  -0.04833941
  -0.12672386 -0.10991668 -0.1272966  -0.09782285 -0.06074871 -0.14375543
  -0.17170952 -0.14877433 -0.15193115 -0.13866681 -0.15994221 -0.15746227
  -0.18042264 -0.15352365 -0.15021873 -0.17612825 -0.16878281]
 [-0.17521991 -0.12187214 -0.13639056 -0.1383948  -0.18969322 -0.13646597
  -0.14265721 -0.09749656 -0.15353557 -0.13802764 -0.12451697 -0.09140058
  -0.03790425 -0.11011987 -0.15618128 -0.11985997 -0.1230798  -0.04833941
  -0.12672386 -0.10991668 -0.1272966  -0.09782285 -0.06074871 -0.14375543
  -0.17170952 -0.14877433 -0.15193115 -0.13866681 -0.15994221 -0.15746227
  -0.18042264 -0.15352365 -0.15021873 -0.17612825 -0.16878281]] 
 W_second = [[0.4301394 0.4301394 0.4301394 0.4301394 0.4301394 0.4301394 0.4301394
  0.4301394 0.4301394 0.4301394]
 [0.4301394 0.4301394 0.4301394 0.4301394 0.4301394 0.4301394 0.4301394
  0.4301394 0.4301394 0.4301394]] 
 B = [0.03696535 0.03696535 0.03696535 0.03696535 0.03696535 0.03696535
 0.03696535 0.03696535 0.03696535 0.03696535] 
 B_secomd = [-0.01932243  0.01200354]W = [[-0.16385145 -0.13898792 -0.12827145 -0.14179048 -0.17592667 -0.13636391
  -0.13212912 -0.09459682 -0.14356191 -0.1364214  -0.11604941 -0.09472491
  -0.05130855 -0.10156722 -0.15493926 -0.11432064 -0.0969401  -0.037541
  -0.09906131 -0.1126984  -0.10607491 -0.08856899 -0.03998069 -0.10221197
  -0.14019313 -0.13543635 -0.12725929 -0.11328942 -0.13935794 -0.14935513
  -0.16350989 -0.14225456 -0.13339153 -0.15888752 -0.15748959]
 [-0.16385145 -0.13898792 -0.12827145 -0.14179048 -0.17592667 -0.13636391
  -0.13212912 -0.09459682 -0.14356191 -0.1364214  -0.11604941 -0.09472491
  -0.05130855 -0.10156722 -0.15493926 -0.11432064 -0.0969401  -0.037541
  -0.09906131 -0.1126984  -0.10607491 -0.08856899 -0.03998069 -0.10221197
  -0.14019313 -0.13543635 -0.12725929 -0.11328942 -0.13935794 -0.14935513
  -0.16350989 -0.14225456 -0.13339153 -0.15888752 -0.15748959]
 [-0.16385145 -0.13898792 -0.12827145 -0.14179048 -0.17592667 -0.13636391
  -0.13212912 -0.09459682 -0.14356191 -0.1364214  -0.11604941 -0.09472491
  -0.05130855 -0.10156722 -0.15493926 -0.11432064 -0.0969401  -0.037541
  -0.09906131 -0.1126984  -0.10607491 -0.08856899 -0.03998069 -0.10221197
  -0.14019313 -0.13543635 -0.12725929 -0.11328942 -0.13935794 -0.14935513
  -0.16350989 -0.14225456 -0.13339153 -0.15888752 -0.15748959]
 [-0.16385145 -0.13898792 -0.12827145 -0.14179048 -0.17592667 -0.13636391
  -0.13212912 -0.09459682 -0.14356191 -0.1364214  -0.11604941 -0.09472491
  -0.05130855 -0.10156722 -0.15493926 -0.11432064 -0.0969401  -0.037541
  -0.09906131 -0.1126984  -0.10607491 -0.08856899 -0.03998069 -0.10221197
  -0.14019313 -0.13543635 -0.12725929 -0.11328942 -0.13935794 -0.14935513
  -0.16350989 -0.14225456 -0.13339153 -0.15888752 -0.15748959]
 [-0.16385145 -0.13898792 -0.12827145 -0.14179048 -0.17592667 -0.13636391
  -0.13212912 -0.09459682 -0.14356191 -0.1364214  -0.11604941 -0.09472491
  -0.05130855 -0.10156722 -0.15493926 -0.11432064 -0.0969401  -0.037541
  -0.09906131 -0.1126984  -0.10607491 -0.08856899 -0.03998069 -0.10221197
  -0.14019313 -0.13543635 -0.12725929 -0.11328942 -0.13935794 -0.14935513
  -0.16350989 -0.14225456 -0.13339153 -0.15888752 -0.15748959]
 [-0.16385145 -0.13898792 -0.12827145 -0.14179048 -0.17592667 -0.13636391
  -0.13212912 -0.09459682 -0.14356191 -0.1364214  -0.11604941 -0.09472491
  -0.05130855 -0.10156722 -0.15493926 -0.11432064 -0.0969401  -0.037541
  -0.09906131 -0.1126984  -0.10607491 -0.08856899 -0.03998069 -0.10221197
  -0.14019313 -0.13543635 -0.12725929 -0.11328942 -0.13935794 -0.14935513
  -0.16350989 -0.14225456 -0.13339153 -0.15888752 -0.15748959]
 [-0.16385145 -0.13898792 -0.12827145 -0.14179048 -0.17592667 -0.13636391
  -0.13212912 -0.09459682 -0.14356191 -0.1364214  -0.11604941 -0.09472491
  -0.05130855 -0.10156722 -0.15493926 -0.11432064 -0.0969401  -0.037541
  -0.09906131 -0.1126984  -0.10607491 -0.08856899 -0.03998069 -0.10221197
  -0.14019313 -0.13543635 -0.12725929 -0.11328942 -0.13935794 -0.14935513
  -0.16350989 -0.14225456 -0.13339153 -0.15888752 -0.15748959]
 [-0.16385145 -0.13898792 -0.12827145 -0.14179048 -0.17592667 -0.13636391
  -0.13212912 -0.09459682 -0.14356191 -0.1364214  -0.11604941 -0.09472491
  -0.05130855 -0.10156722 -0.15493926 -0.11432064 -0.0969401  -0.037541
  -0.09906131 -0.1126984  -0.10607491 -0.08856899 -0.03998069 -0.10221197
  -0.14019313 -0.13543635 -0.12725929 -0.11328942 -0.13935794 -0.14935513
  -0.16350989 -0.14225456 -0.13339153 -0.15888752 -0.15748959]
 [-0.16385145 -0.13898792 -0.12827145 -0.14179048 -0.17592667 -0.13636391
  -0.13212912 -0.09459682 -0.14356191 -0.1364214  -0.11604941 -0.09472491
  -0.05130855 -0.10156722 -0.15493926 -0.11432064 -0.0969401  -0.037541
  -0.09906131 -0.1126984  -0.10607491 -0.08856899 -0.03998069 -0.10221197
  -0.14019313 -0.13543635 -0.12725929 -0.11328942 -0.13935794 -0.14935513
  -0.16350989 -0.14225456 -0.13339153 -0.15888752 -0.15748959]
 [-0.16385145 -0.13898792 -0.12827145 -0.14179048 -0.17592667 -0.13636391
  -0.13212912 -0.09459682 -0.14356191 -0.1364214  -0.11604941 -0.09472491
  -0.05130855 -0.10156722 -0.15493926 -0.11432064 -0.0969401  -0.037541
  -0.09906131 -0.1126984  -0.10607491 -0.08856899 -0.03998069 -0.10221197
  -0.14019313 -0.13543635 -0.12725929 -0.11328942 -0.13935794 -0.14935513
  -0.16350989 -0.14225456 -0.13339153 -0.15888752 -0.15748959]] 
 W_second = [[0.43578986 0.43578986 0.43578986 0.43578986 0.43578986 0.43578986
  0.43578986 0.43578986 0.43578986 0.43578986]
 [0.43578986 0.43578986 0.43578986 0.43578986 0.43578986 0.43578986
  0.43578986 0.43578986 0.43578986 0.43578986]] 
 B = [0.03784411 0.03784411 0.03784411 0.03784411 0.03784411 0.03784411
 0.03784411 0.03784411 0.03784411 0.03784411] 
 B_secomd = [-0.01051219 -0.00272636]W = [[-0.1507935  -0.13038187 -0.12434612 -0.12717538 -0.15561233 -0.1269333
  -0.12293295 -0.08004889 -0.13206793 -0.12648641 -0.11491895 -0.07657882
  -0.04771688 -0.07951092 -0.13612986 -0.11184474 -0.07896602 -0.0283728
  -0.07967324 -0.10602848 -0.10897834 -0.07186595 -0.04396659 -0.07988938
  -0.12836808 -0.12611957 -0.11119965 -0.09571782 -0.11633885 -0.13170135
  -0.14786132 -0.12857561 -0.12211552 -0.14264425 -0.1449631 ]
 [-0.1507935  -0.13038187 -0.12434612 -0.12717538 -0.15561233 -0.1269333
  -0.12293295 -0.08004889 -0.13206793 -0.12648641 -0.11491895 -0.07657882
  -0.04771688 -0.07951092 -0.13612986 -0.11184474 -0.07896602 -0.0283728
  -0.07967324 -0.10602848 -0.10897834 -0.07186595 -0.04396659 -0.07988938
  -0.12836808 -0.12611957 -0.11119965 -0.09571782 -0.11633885 -0.13170135
  -0.14786132 -0.12857561 -0.12211552 -0.14264425 -0.1449631 ]
 [-0.1507935  -0.13038187 -0.12434612 -0.12717538 -0.15561233 -0.1269333
  -0.12293295 -0.08004889 -0.13206793 -0.12648641 -0.11491895 -0.07657882
  -0.04771688 -0.07951092 -0.13612986 -0.11184474 -0.07896602 -0.0283728
  -0.07967324 -0.10602848 -0.10897834 -0.07186595 -0.04396659 -0.07988938
  -0.12836808 -0.12611957 -0.11119965 -0.09571782 -0.11633885 -0.13170135
  -0.14786132 -0.12857561 -0.12211552 -0.14264425 -0.1449631 ]
 [-0.1507935  -0.13038187 -0.12434612 -0.12717538 -0.15561233 -0.1269333
  -0.12293295 -0.08004889 -0.13206793 -0.12648641 -0.11491895 -0.07657882
  -0.04771688 -0.07951092 -0.13612986 -0.11184474 -0.07896602 -0.0283728
  -0.07967324 -0.10602848 -0.10897834 -0.07186595 -0.04396659 -0.07988938
  -0.12836808 -0.12611957 -0.11119965 -0.09571782 -0.11633885 -0.13170135
  -0.14786132 -0.12857561 -0.12211552 -0.14264425 -0.1449631 ]
 [-0.1507935  -0.13038187 -0.12434612 -0.12717538 -0.15561233 -0.1269333
  -0.12293295 -0.08004889 -0.13206793 -0.12648641 -0.11491895 -0.07657882
  -0.04771688 -0.07951092 -0.13612986 -0.11184474 -0.07896602 -0.0283728
  -0.07967324 -0.10602848 -0.10897834 -0.07186595 -0.04396659 -0.07988938
  -0.12836808 -0.12611957 -0.11119965 -0.09571782 -0.11633885 -0.13170135
  -0.14786132 -0.12857561 -0.12211552 -0.14264425 -0.1449631 ]
 [-0.1507935  -0.13038187 -0.12434612 -0.12717538 -0.15561233 -0.1269333
  -0.12293295 -0.08004889 -0.13206793 -0.12648641 -0.11491895 -0.07657882
  -0.04771688 -0.07951092 -0.13612986 -0.11184474 -0.07896602 -0.0283728
  -0.07967324 -0.10602848 -0.10897834 -0.07186595 -0.04396659 -0.07988938
  -0.12836808 -0.12611957 -0.11119965 -0.09571782 -0.11633885 -0.13170135
  -0.14786132 -0.12857561 -0.12211552 -0.14264425 -0.1449631 ]
 [-0.1507935  -0.13038187 -0.12434612 -0.12717538 -0.15561233 -0.1269333
  -0.12293295 -0.08004889 -0.13206793 -0.12648641 -0.11491895 -0.07657882
  -0.04771688 -0.07951092 -0.13612986 -0.11184474 -0.07896602 -0.0283728
  -0.07967324 -0.10602848 -0.10897834 -0.07186595 -0.04396659 -0.07988938
  -0.12836808 -0.12611957 -0.11119965 -0.09571782 -0.11633885 -0.13170135
  -0.14786132 -0.12857561 -0.12211552 -0.14264425 -0.1449631 ]
 [-0.1507935  -0.13038187 -0.12434612 -0.12717538 -0.15561233 -0.1269333
  -0.12293295 -0.08004889 -0.13206793 -0.12648641 -0.11491895 -0.07657882
  -0.04771688 -0.07951092 -0.13612986 -0.11184474 -0.07896602 -0.0283728
  -0.07967324 -0.10602848 -0.10897834 -0.07186595 -0.04396659 -0.07988938
  -0.12836808 -0.12611957 -0.11119965 -0.09571782 -0.11633885 -0.13170135
  -0.14786132 -0.12857561 -0.12211552 -0.14264425 -0.1449631 ]
 [-0.1507935  -0.13038187 -0.12434612 -0.12717538 -0.15561233 -0.1269333
  -0.12293295 -0.08004889 -0.13206793 -0.12648641 -0.11491895 -0.07657882
  -0.04771688 -0.07951092 -0.13612986 -0.11184474 -0.07896602 -0.0283728
  -0.07967324 -0.10602848 -0.10897834 -0.07186595 -0.04396659 -0.07988938
  -0.12836808 -0.12611957 -0.11119965 -0.09571782 -0.11633885 -0.13170135
  -0.14786132 -0.12857561 -0.12211552 -0.14264425 -0.1449631 ]
 [-0.1507935  -0.13038187 -0.12434612 -0.12717538 -0.15561233 -0.1269333
  -0.12293295 -0.08004889 -0.13206793 -0.12648641 -0.11491895 -0.07657882
  -0.04771688 -0.07951092 -0.13612986 -0.11184474 -0.07896602 -0.0283728
  -0.07967324 -0.10602848 -0.10897834 -0.07186595 -0.04396659 -0.07988938
  -0.12836808 -0.12611957 -0.11119965 -0.09571782 -0.11633885 -0.13170135
  -0.14786132 -0.12857561 -0.12211552 -0.14264425 -0.1449631 ]] 
 W_second = [[0.43942814 0.43942814 0.43942814 0.43942814 0.43942814 0.43942814
  0.43942814 0.43942814 0.43942814 0.43942814]
 [0.43942814 0.43942814 0.43942814 0.43942814 0.43942814 0.43942814
  0.43942814 0.43942814 0.43942814 0.43942814]] 
 B = [0.03894559 0.03894559 0.03894559 0.03894559 0.03894559 0.03894559
 0.03894559 0.03894559 0.03894559 0.03894559] 
 B_secomd = [-0.01285813 -0.01247361]W = [[-0.14914301 -0.12940731 -0.12340774 -0.12525101 -0.15317098 -0.12598783
  -0.12207705 -0.07809463 -0.13004248 -0.12492055 -0.11469842 -0.07541639
  -0.04708182 -0.07698218 -0.13344753 -0.11153294 -0.07671584 -0.02686254
  -0.07684187 -0.10445125 -0.10847534 -0.07029468 -0.04347938 -0.07713796
  -0.12627941 -0.12455354 -0.10900008 -0.09362567 -0.1139123  -0.12964513
  -0.14561611 -0.1267048  -0.11970645 -0.14005013 -0.14293873]
 [-0.14914301 -0.12940731 -0.12340774 -0.12525101 -0.15317098 -0.12598783
  -0.12207705 -0.07809463 -0.13004248 -0.12492055 -0.11469842 -0.07541639
  -0.04708182 -0.07698218 -0.13344753 -0.11153294 -0.07671584 -0.02686254
  -0.07684187 -0.10445125 -0.10847534 -0.07029468 -0.04347938 -0.07713796
  -0.12627941 -0.12455354 -0.10900008 -0.09362567 -0.1139123  -0.12964513
  -0.14561611 -0.1267048  -0.11970645 -0.14005013 -0.14293873]
 [-0.14914301 -0.12940731 -0.12340774 -0.12525101 -0.15317098 -0.12598783
  -0.12207705 -0.07809463 -0.13004248 -0.12492055 -0.11469842 -0.07541639
  -0.04708182 -0.07698218 -0.13344753 -0.11153294 -0.07671584 -0.02686254
  -0.07684187 -0.10445125 -0.10847534 -0.07029468 -0.04347938 -0.07713796
  -0.12627941 -0.12455354 -0.10900008 -0.09362567 -0.1139123  -0.12964513
  -0.14561611 -0.1267048  -0.11970645 -0.14005013 -0.14293873]
 [-0.14914301 -0.12940731 -0.12340774 -0.12525101 -0.15317098 -0.12598783
  -0.12207705 -0.07809463 -0.13004248 -0.12492055 -0.11469842 -0.07541639
  -0.04708182 -0.07698218 -0.13344753 -0.11153294 -0.07671584 -0.02686254
  -0.07684187 -0.10445125 -0.10847534 -0.07029468 -0.04347938 -0.07713796
  -0.12627941 -0.12455354 -0.10900008 -0.09362567 -0.1139123  -0.12964513
  -0.14561611 -0.1267048  -0.11970645 -0.14005013 -0.14293873]
 [-0.14914301 -0.12940731 -0.12340774 -0.12525101 -0.15317098 -0.12598783
  -0.12207705 -0.07809463 -0.13004248 -0.12492055 -0.11469842 -0.07541639
  -0.04708182 -0.07698218 -0.13344753 -0.11153294 -0.07671584 -0.02686254
  -0.07684187 -0.10445125 -0.10847534 -0.07029468 -0.04347938 -0.07713796
  -0.12627941 -0.12455354 -0.10900008 -0.09362567 -0.1139123  -0.12964513
  -0.14561611 -0.1267048  -0.11970645 -0.14005013 -0.14293873]
 [-0.14914301 -0.12940731 -0.12340774 -0.12525101 -0.15317098 -0.12598783
  -0.12207705 -0.07809463 -0.13004248 -0.12492055 -0.11469842 -0.07541639
  -0.04708182 -0.07698218 -0.13344753 -0.11153294 -0.07671584 -0.02686254
  -0.07684187 -0.10445125 -0.10847534 -0.07029468 -0.04347938 -0.07713796
  -0.12627941 -0.12455354 -0.10900008 -0.09362567 -0.1139123  -0.12964513
  -0.14561611 -0.1267048  -0.11970645 -0.14005013 -0.14293873]
 [-0.14914301 -0.12940731 -0.12340774 -0.12525101 -0.15317098 -0.12598783
  -0.12207705 -0.07809463 -0.13004248 -0.12492055 -0.11469842 -0.07541639
  -0.04708182 -0.07698218 -0.13344753 -0.11153294 -0.07671584 -0.02686254
  -0.07684187 -0.10445125 -0.10847534 -0.07029468 -0.04347938 -0.07713796
  -0.12627941 -0.12455354 -0.10900008 -0.09362567 -0.1139123  -0.12964513
  -0.14561611 -0.1267048  -0.11970645 -0.14005013 -0.14293873]
 [-0.14914301 -0.12940731 -0.12340774 -0.12525101 -0.15317098 -0.12598783
  -0.12207705 -0.07809463 -0.13004248 -0.12492055 -0.11469842 -0.07541639
  -0.04708182 -0.07698218 -0.13344753 -0.11153294 -0.07671584 -0.02686254
  -0.07684187 -0.10445125 -0.10847534 -0.07029468 -0.04347938 -0.07713796
  -0.12627941 -0.12455354 -0.10900008 -0.09362567 -0.1139123  -0.12964513
  -0.14561611 -0.1267048  -0.11970645 -0.14005013 -0.14293873]
 [-0.14914301 -0.12940731 -0.12340774 -0.12525101 -0.15317098 -0.12598783
  -0.12207705 -0.07809463 -0.13004248 -0.12492055 -0.11469842 -0.07541639
  -0.04708182 -0.07698218 -0.13344753 -0.11153294 -0.07671584 -0.02686254
  -0.07684187 -0.10445125 -0.10847534 -0.07029468 -0.04347938 -0.07713796
  -0.12627941 -0.12455354 -0.10900008 -0.09362567 -0.1139123  -0.12964513
  -0.14561611 -0.1267048  -0.11970645 -0.14005013 -0.14293873]
 [-0.14914301 -0.12940731 -0.12340774 -0.12525101 -0.15317098 -0.12598783
  -0.12207705 -0.07809463 -0.13004248 -0.12492055 -0.11469842 -0.07541639
  -0.04708182 -0.07698218 -0.13344753 -0.11153294 -0.07671584 -0.02686254
  -0.07684187 -0.10445125 -0.10847534 -0.07029468 -0.04347938 -0.07713796
  -0.12627941 -0.12455354 -0.10900008 -0.09362567 -0.1139123  -0.12964513
  -0.14561611 -0.1267048  -0.11970645 -0.14005013 -0.14293873]] 
 W_second = [[0.43980113 0.43980113 0.43980113 0.43980113 0.43980113 0.43980113
  0.43980113 0.43980113 0.43980113 0.43980113]
 [0.43980113 0.43980113 0.43980113 0.43980113 0.43980113 0.43980113
  0.43980113 0.43980113 0.43980113 0.43980113]] 
 B = [0.03908391 0.03908391 0.03908391 0.03908391 0.03908391 0.03908391
 0.03908391 0.03908391 0.03908391 0.03908391] 
 B_secomd = [-0.00092287 -0.0008976 ]W = [[-0.13896433 -0.12050957 -0.1145759  -0.1161259  -0.14256472 -0.11712678
  -0.11327103 -0.0715852  -0.12066509 -0.11591398 -0.1065616  -0.06912016
  -0.04205241 -0.07003127 -0.12377857 -0.10353769 -0.06988763 -0.02283268
  -0.06977303 -0.09626376 -0.10069388 -0.06413104 -0.03859936 -0.06995773
  -0.11683416 -0.11562671 -0.10060174 -0.08609778 -0.10510725 -0.12009671
  -0.13546419 -0.11755849 -0.11104217 -0.13015846 -0.13290827]
 [-0.13896433 -0.12050957 -0.1145759  -0.1161259  -0.14256472 -0.11712678
  -0.11327103 -0.0715852  -0.12066509 -0.11591398 -0.1065616  -0.06912016
  -0.04205241 -0.07003127 -0.12377857 -0.10353769 -0.06988763 -0.02283268
  -0.06977303 -0.09626376 -0.10069388 -0.06413104 -0.03859936 -0.06995773
  -0.11683416 -0.11562671 -0.10060174 -0.08609778 -0.10510725 -0.12009671
  -0.13546419 -0.11755849 -0.11104217 -0.13015846 -0.13290827]
 [-0.13896433 -0.12050957 -0.1145759  -0.1161259  -0.14256472 -0.11712678
  -0.11327103 -0.0715852  -0.12066509 -0.11591398 -0.1065616  -0.06912016
  -0.04205241 -0.07003127 -0.12377857 -0.10353769 -0.06988763 -0.02283268
  -0.06977303 -0.09626376 -0.10069388 -0.06413104 -0.03859936 -0.06995773
  -0.11683416 -0.11562671 -0.10060174 -0.08609778 -0.10510725 -0.12009671
  -0.13546419 -0.11755849 -0.11104217 -0.13015846 -0.13290827]
 [-0.13896433 -0.12050957 -0.1145759  -0.1161259  -0.14256472 -0.11712678
  -0.11327103 -0.0715852  -0.12066509 -0.11591398 -0.1065616  -0.06912016
  -0.04205241 -0.07003127 -0.12377857 -0.10353769 -0.06988763 -0.02283268
  -0.06977303 -0.09626376 -0.10069388 -0.06413104 -0.03859936 -0.06995773
  -0.11683416 -0.11562671 -0.10060174 -0.08609778 -0.10510725 -0.12009671
  -0.13546419 -0.11755849 -0.11104217 -0.13015846 -0.13290827]
 [-0.13896433 -0.12050957 -0.1145759  -0.1161259  -0.14256472 -0.11712678
  -0.11327103 -0.0715852  -0.12066509 -0.11591398 -0.1065616  -0.06912016
  -0.04205241 -0.07003127 -0.12377857 -0.10353769 -0.06988763 -0.02283268
  -0.06977303 -0.09626376 -0.10069388 -0.06413104 -0.03859936 -0.06995773
  -0.11683416 -0.11562671 -0.10060174 -0.08609778 -0.10510725 -0.12009671
  -0.13546419 -0.11755849 -0.11104217 -0.13015846 -0.13290827]
 [-0.13896433 -0.12050957 -0.1145759  -0.1161259  -0.14256472 -0.11712678
  -0.11327103 -0.0715852  -0.12066509 -0.11591398 -0.1065616  -0.06912016
  -0.04205241 -0.07003127 -0.12377857 -0.10353769 -0.06988763 -0.02283268
  -0.06977303 -0.09626376 -0.10069388 -0.06413104 -0.03859936 -0.06995773
  -0.11683416 -0.11562671 -0.10060174 -0.08609778 -0.10510725 -0.12009671
  -0.13546419 -0.11755849 -0.11104217 -0.13015846 -0.13290827]
 [-0.13896433 -0.12050957 -0.1145759  -0.1161259  -0.14256472 -0.11712678
  -0.11327103 -0.0715852  -0.12066509 -0.11591398 -0.1065616  -0.06912016
  -0.04205241 -0.07003127 -0.12377857 -0.10353769 -0.06988763 -0.02283268
  -0.06977303 -0.09626376 -0.10069388 -0.06413104 -0.03859936 -0.06995773
  -0.11683416 -0.11562671 -0.10060174 -0.08609778 -0.10510725 -0.12009671
  -0.13546419 -0.11755849 -0.11104217 -0.13015846 -0.13290827]
 [-0.13896433 -0.12050957 -0.1145759  -0.1161259  -0.14256472 -0.11712678
  -0.11327103 -0.0715852  -0.12066509 -0.11591398 -0.1065616  -0.06912016
  -0.04205241 -0.07003127 -0.12377857 -0.10353769 -0.06988763 -0.02283268
  -0.06977303 -0.09626376 -0.10069388 -0.06413104 -0.03859936 -0.06995773
  -0.11683416 -0.11562671 -0.10060174 -0.08609778 -0.10510725 -0.12009671
  -0.13546419 -0.11755849 -0.11104217 -0.13015846 -0.13290827]
 [-0.13896433 -0.12050957 -0.1145759  -0.1161259  -0.14256472 -0.11712678
  -0.11327103 -0.0715852  -0.12066509 -0.11591398 -0.1065616  -0.06912016
  -0.04205241 -0.07003127 -0.12377857 -0.10353769 -0.06988763 -0.02283268
  -0.06977303 -0.09626376 -0.10069388 -0.06413104 -0.03859936 -0.06995773
  -0.11683416 -0.11562671 -0.10060174 -0.08609778 -0.10510725 -0.12009671
  -0.13546419 -0.11755849 -0.11104217 -0.13015846 -0.13290827]
 [-0.13896433 -0.12050957 -0.1145759  -0.1161259  -0.14256472 -0.11712678
  -0.11327103 -0.0715852  -0.12066509 -0.11591398 -0.1065616  -0.06912016
  -0.04205241 -0.07003127 -0.12377857 -0.10353769 -0.06988763 -0.02283268
  -0.06977303 -0.09626376 -0.10069388 -0.06413104 -0.03859936 -0.06995773
  -0.11683416 -0.11562671 -0.10060174 -0.08609778 -0.10510725 -0.12009671
  -0.13546419 -0.11755849 -0.11104217 -0.13015846 -0.13290827]] 
 W_second = [[0.44111071 0.44111071 0.44111071 0.44111071 0.44111071 0.44111071
  0.44111071 0.44111071 0.44111071 0.44111071]
 [0.44111071 0.44111071 0.44111071 0.44111071 0.44111071 0.44111071
  0.44111071 0.44111071 0.44111071 0.44111071]] 
 B = [0.03966248 0.03966248 0.03966248 0.03966248 0.03966248 0.03966248
 0.03966248 0.03966248 0.03966248 0.03966248] 
 B_secomd = [0.16059599 0.16060745]W = [[0.04867301 0.04881497 0.04884614 0.04882228 0.04864718 0.04882094
  0.04885192 0.04916164 0.04881217 0.04882919 0.04889702 0.04917189
  0.04934633 0.04916165 0.04878501 0.04891735 0.04915863 0.04950923
  0.04917084 0.04896475 0.04893055 0.04921353 0.04936392 0.04916239
  0.04882537 0.04882358 0.04892043 0.04904194 0.0488982  0.04879738
  0.04869564 0.04880985 0.0488495  0.04873056 0.04871431]
 [0.04867301 0.04881497 0.04884614 0.04882228 0.04864718 0.04882094
  0.04885192 0.04916164 0.04881217 0.04882919 0.04889702 0.04917189
  0.04934633 0.04916165 0.04878501 0.04891735 0.04915863 0.04950923
  0.04917084 0.04896475 0.04893055 0.04921353 0.04936392 0.04916239
  0.04882537 0.04882358 0.04892043 0.04904194 0.0488982  0.04879738
  0.04869564 0.04880985 0.0488495  0.04873056 0.04871431]
 [0.04867301 0.04881497 0.04884614 0.04882228 0.04864718 0.04882094
  0.04885192 0.04916164 0.04881217 0.04882919 0.04889702 0.04917189
  0.04934633 0.04916165 0.04878501 0.04891735 0.04915863 0.04950923
  0.04917084 0.04896475 0.04893055 0.04921353 0.04936392 0.04916239
  0.04882537 0.04882358 0.04892043 0.04904194 0.0488982  0.04879738
  0.04869564 0.04880985 0.0488495  0.04873056 0.04871431]
 [0.04867301 0.04881497 0.04884614 0.04882228 0.04864718 0.04882094
  0.04885192 0.04916164 0.04881217 0.04882919 0.04889702 0.04917189
  0.04934633 0.04916165 0.04878501 0.04891735 0.04915863 0.04950923
  0.04917084 0.04896475 0.04893055 0.04921353 0.04936392 0.04916239
  0.04882537 0.04882358 0.04892043 0.04904194 0.0488982  0.04879738
  0.04869564 0.04880985 0.0488495  0.04873056 0.04871431]
 [0.04867301 0.04881497 0.04884614 0.04882228 0.04864718 0.04882094
  0.04885192 0.04916164 0.04881217 0.04882919 0.04889702 0.04917189
  0.04934633 0.04916165 0.04878501 0.04891735 0.04915863 0.04950923
  0.04917084 0.04896475 0.04893055 0.04921353 0.04936392 0.04916239
  0.04882537 0.04882358 0.04892043 0.04904194 0.0488982  0.04879738
  0.04869564 0.04880985 0.0488495  0.04873056 0.04871431]
 [0.04867301 0.04881497 0.04884614 0.04882228 0.04864718 0.04882094
  0.04885192 0.04916164 0.04881217 0.04882919 0.04889702 0.04917189
  0.04934633 0.04916165 0.04878501 0.04891735 0.04915863 0.04950923
  0.04917084 0.04896475 0.04893055 0.04921353 0.04936392 0.04916239
  0.04882537 0.04882358 0.04892043 0.04904194 0.0488982  0.04879738
  0.04869564 0.04880985 0.0488495  0.04873056 0.04871431]
 [0.04867301 0.04881497 0.04884614 0.04882228 0.04864718 0.04882094
  0.04885192 0.04916164 0.04881217 0.04882919 0.04889702 0.04917189
  0.04934633 0.04916165 0.04878501 0.04891735 0.04915863 0.04950923
  0.04917084 0.04896475 0.04893055 0.04921353 0.04936392 0.04916239
  0.04882537 0.04882358 0.04892043 0.04904194 0.0488982  0.04879738
  0.04869564 0.04880985 0.0488495  0.04873056 0.04871431]
 [0.04867301 0.04881497 0.04884614 0.04882228 0.04864718 0.04882094
  0.04885192 0.04916164 0.04881217 0.04882919 0.04889702 0.04917189
  0.04934633 0.04916165 0.04878501 0.04891735 0.04915863 0.04950923
  0.04917084 0.04896475 0.04893055 0.04921353 0.04936392 0.04916239
  0.04882537 0.04882358 0.04892043 0.04904194 0.0488982  0.04879738
  0.04869564 0.04880985 0.0488495  0.04873056 0.04871431]
 [0.04867301 0.04881497 0.04884614 0.04882228 0.04864718 0.04882094
  0.04885192 0.04916164 0.04881217 0.04882919 0.04889702 0.04917189
  0.04934633 0.04916165 0.04878501 0.04891735 0.04915863 0.04950923
  0.04917084 0.04896475 0.04893055 0.04921353 0.04936392 0.04916239
  0.04882537 0.04882358 0.04892043 0.04904194 0.0488982  0.04879738
  0.04869564 0.04880985 0.0488495  0.04873056 0.04871431]
 [0.04867301 0.04881497 0.04884614 0.04882228 0.04864718 0.04882094
  0.04885192 0.04916164 0.04881217 0.04882919 0.04889702 0.04917189
  0.04934633 0.04916165 0.04878501 0.04891735 0.04915863 0.04950923
  0.04917084 0.04896475 0.04893055 0.04921353 0.04936392 0.04916239
  0.04882537 0.04882358 0.04892043 0.04904194 0.0488982  0.04879738
  0.04869564 0.04880985 0.0488495  0.04873056 0.04871431]
 [0.04867301 0.04881497 0.04884614 0.04882228 0.04864718 0.04882094
  0.04885192 0.04916164 0.04881217 0.04882919 0.04889702 0.04917189
  0.04934633 0.04916165 0.04878501 0.04891735 0.04915863 0.04950923
  0.04917084 0.04896475 0.04893055 0.04921353 0.04936392 0.04916239
  0.04882537 0.04882358 0.04892043 0.04904194 0.0488982  0.04879738
  0.04869564 0.04880985 0.0488495  0.04873056 0.04871431]
 [0.04867301 0.04881497 0.04884614 0.04882228 0.04864718 0.04882094
  0.04885192 0.04916164 0.04881217 0.04882919 0.04889702 0.04917189
  0.04934633 0.04916165 0.04878501 0.04891735 0.04915863 0.04950923
  0.04917084 0.04896475 0.04893055 0.04921353 0.04936392 0.04916239
  0.04882537 0.04882358 0.04892043 0.04904194 0.0488982  0.04879738
  0.04869564 0.04880985 0.0488495  0.04873056 0.04871431]
 [0.04867301 0.04881497 0.04884614 0.04882228 0.04864718 0.04882094
  0.04885192 0.04916164 0.04881217 0.04882919 0.04889702 0.04917189
  0.04934633 0.04916165 0.04878501 0.04891735 0.04915863 0.04950923
  0.04917084 0.04896475 0.04893055 0.04921353 0.04936392 0.04916239
  0.04882537 0.04882358 0.04892043 0.04904194 0.0488982  0.04879738
  0.04869564 0.04880985 0.0488495  0.04873056 0.04871431]
 [0.04867301 0.04881497 0.04884614 0.04882228 0.04864718 0.04882094
  0.04885192 0.04916164 0.04881217 0.04882919 0.04889702 0.04917189
  0.04934633 0.04916165 0.04878501 0.04891735 0.04915863 0.04950923
  0.04917084 0.04896475 0.04893055 0.04921353 0.04936392 0.04916239
  0.04882537 0.04882358 0.04892043 0.04904194 0.0488982  0.04879738
  0.04869564 0.04880985 0.0488495  0.04873056 0.04871431]
 [0.04867301 0.04881497 0.04884614 0.04882228 0.04864718 0.04882094
  0.04885192 0.04916164 0.04881217 0.04882919 0.04889702 0.04917189
  0.04934633 0.04916165 0.04878501 0.04891735 0.04915863 0.04950923
  0.04917084 0.04896475 0.04893055 0.04921353 0.04936392 0.04916239
  0.04882537 0.04882358 0.04892043 0.04904194 0.0488982  0.04879738
  0.04869564 0.04880985 0.0488495  0.04873056 0.04871431]
 [0.04867301 0.04881497 0.04884614 0.04882228 0.04864718 0.04882094
  0.04885192 0.04916164 0.04881217 0.04882919 0.04889702 0.04917189
  0.04934633 0.04916165 0.04878501 0.04891735 0.04915863 0.04950923
  0.04917084 0.04896475 0.04893055 0.04921353 0.04936392 0.04916239
  0.04882537 0.04882358 0.04892043 0.04904194 0.0488982  0.04879738
  0.04869564 0.04880985 0.0488495  0.04873056 0.04871431]
 [0.04867301 0.04881497 0.04884614 0.04882228 0.04864718 0.04882094
  0.04885192 0.04916164 0.04881217 0.04882919 0.04889702 0.04917189
  0.04934633 0.04916165 0.04878501 0.04891735 0.04915863 0.04950923
  0.04917084 0.04896475 0.04893055 0.04921353 0.04936392 0.04916239
  0.04882537 0.04882358 0.04892043 0.04904194 0.0488982  0.04879738
  0.04869564 0.04880985 0.0488495  0.04873056 0.04871431]
 [0.04867301 0.04881497 0.04884614 0.04882228 0.04864718 0.04882094
  0.04885192 0.04916164 0.04881217 0.04882919 0.04889702 0.04917189
  0.04934633 0.04916165 0.04878501 0.04891735 0.04915863 0.04950923
  0.04917084 0.04896475 0.04893055 0.04921353 0.04936392 0.04916239
  0.04882537 0.04882358 0.04892043 0.04904194 0.0488982  0.04879738
  0.04869564 0.04880985 0.0488495  0.04873056 0.04871431]
 [0.04867301 0.04881497 0.04884614 0.04882228 0.04864718 0.04882094
  0.04885192 0.04916164 0.04881217 0.04882919 0.04889702 0.04917189
  0.04934633 0.04916165 0.04878501 0.04891735 0.04915863 0.04950923
  0.04917084 0.04896475 0.04893055 0.04921353 0.04936392 0.04916239
  0.04882537 0.04882358 0.04892043 0.04904194 0.0488982  0.04879738
  0.04869564 0.04880985 0.0488495  0.04873056 0.04871431]
 [0.04867301 0.04881497 0.04884614 0.04882228 0.04864718 0.04882094
  0.04885192 0.04916164 0.04881217 0.04882919 0.04889702 0.04917189
  0.04934633 0.04916165 0.04878501 0.04891735 0.04915863 0.04950923
  0.04917084 0.04896475 0.04893055 0.04921353 0.04936392 0.04916239
  0.04882537 0.04882358 0.04892043 0.04904194 0.0488982  0.04879738
  0.04869564 0.04880985 0.0488495  0.04873056 0.04871431]] 
 W_second = [[0.49897814 0.49897814 0.49897814 0.49897814 0.49897814 0.49897814
  0.49897814 0.49897814 0.49897814 0.49897814 0.49897814 0.49897814
  0.49897814 0.49897814 0.49897814 0.49897814 0.49897814 0.49897814
  0.49897814 0.49897814]
 [0.49897814 0.49897814 0.49897814 0.49897814 0.49897814 0.49897814
  0.49897814 0.49897814 0.49897814 0.49897814 0.49897814 0.49897814
  0.49897814 0.49897814 0.49897814 0.49897814 0.49897814 0.49897814
  0.49897814 0.49897814]] 
 B = [0.0499636 0.0499636 0.0499636 0.0499636 0.0499636 0.0499636 0.0499636
 0.0499636 0.0499636 0.0499636 0.0499636 0.0499636 0.0499636 0.0499636
 0.0499636 0.0499636 0.0499636 0.0499636 0.0499636 0.0499636] 
 B_secomd = [0.49944434 0.49944435]W = [[0.04999062 0.04999152 0.04999186 ... 0.04999201 0.04999109 0.04999097]
 [0.04999062 0.04999152 0.04999186 ... 0.04999201 0.04999109 0.04999097]
 [0.04999062 0.04999152 0.04999186 ... 0.04999201 0.04999109 0.04999097]
 ...
 [0.04999062 0.04999152 0.04999186 ... 0.04999201 0.04999109 0.04999097]
 [0.04999062 0.04999152 0.04999186 ... 0.04999201 0.04999109 0.04999097]
 [0.04999062 0.04999152 0.04999186 ... 0.04999201 0.04999109 0.04999097]] 
 W_second = [[0.49999511 0.49999511 0.49999511 0.49999511 0.49999511 0.49999511
  0.49999511 0.49999511 0.49999511 0.49999511 0.49999511 0.49999511
  0.49999511 0.49999511 0.49999511 0.49999511 0.49999511 0.49999511
  0.49999511 0.49999511 0.49999511 0.49999511 0.49999511 0.49999511
  0.49999511 0.49999511 0.49999511 0.49999511 0.49999511 0.49999511]
 [0.49999511 0.49999511 0.49999511 0.49999511 0.49999511 0.49999511
  0.49999511 0.49999511 0.49999511 0.49999511 0.49999511 0.49999511
  0.49999511 0.49999511 0.49999511 0.49999511 0.49999511 0.49999511
  0.49999511 0.49999511 0.49999511 0.49999511 0.49999511 0.49999511
  0.49999511 0.49999511 0.49999511 0.49999511 0.49999511 0.49999511]] 
 B = [0.04999983 0.04999983 0.04999983 0.04999983 0.04999983 0.04999983
 0.04999983 0.04999983 0.04999983 0.04999983 0.04999983 0.04999983
 0.04999983 0.04999983 0.04999983 0.04999983 0.04999983 0.04999983
 0.04999983 0.04999983 0.04999983 0.04999983 0.04999983 0.04999983
 0.04999983 0.04999983 0.04999983 0.04999983 0.04999983 0.04999983] 
 B_secomd = [0.49999735 0.49999735]W = [[0.04999066 0.04999155 0.04999188 ... 0.04999203 0.04999113 0.04999099]
 [0.04999066 0.04999155 0.04999188 ... 0.04999203 0.04999113 0.04999099]
 [0.04999066 0.04999155 0.04999188 ... 0.04999203 0.04999113 0.04999099]
 ...
 [0.04999066 0.04999155 0.04999188 ... 0.04999203 0.04999113 0.04999099]
 [0.04999066 0.04999155 0.04999188 ... 0.04999203 0.04999113 0.04999099]
 [0.04999066 0.04999155 0.04999188 ... 0.04999203 0.04999113 0.04999099]] 
 W_second = [[0.49999512 0.49999512 0.49999512 0.49999512 0.49999512 0.49999512
  0.49999512 0.49999512 0.49999512 0.49999512 0.49999512 0.49999512
  0.49999512 0.49999512 0.49999512 0.49999512 0.49999512 0.49999512
  0.49999512 0.49999512 0.49999512 0.49999512 0.49999512 0.49999512
  0.49999512 0.49999512 0.49999512 0.49999512 0.49999512 0.49999512]
 [0.49999512 0.49999512 0.49999512 0.49999512 0.49999512 0.49999512
  0.49999512 0.49999512 0.49999512 0.49999512 0.49999512 0.49999512
  0.49999512 0.49999512 0.49999512 0.49999512 0.49999512 0.49999512
  0.49999512 0.49999512 0.49999512 0.49999512 0.49999512 0.49999512
  0.49999512 0.49999512 0.49999512 0.49999512 0.49999512 0.49999512]] 
 B = [0.04999983 0.04999983 0.04999983 0.04999983 0.04999983 0.04999983
 0.04999983 0.04999983 0.04999983 0.04999983 0.04999983 0.04999983
 0.04999983 0.04999983 0.04999983 0.04999983 0.04999983 0.04999983
 0.04999983 0.04999983 0.04999983 0.04999983 0.04999983 0.04999983
 0.04999983 0.04999983 0.04999983 0.04999983 0.04999983 0.04999983] 
 B_secomd = [0.49999738 0.49999738]